HGBR:
    Best Parameters: {'l2_regularization': 0.1, 'learning_rate': 0.1, 'loss': 'absolute_error', 'max_iter': 100, 'max_leaf_nodes': 21, 'min_samples_leaf': 20, 'warm_start': True}
    MAE: 19.192080108679864
    MSE: 1174.8652222973262
    RMSE: 34.27630701078117
    R^2 Score: 0.6926960745097824
    MAPE: 0.1588364378727584

GBR:
    Best Parameters: {'learning_rate': 0.1, 'loss': 'absolute_error', 'max_leaf_nodes': 10, 'min_samples_leaf': 10, 'n_estimators': 100, 'n_iter_no_change': 10, 'warm_start': True}
    MAE: 22.186445147029787
    MSE: 1233.4235715974507
    RMSE: 35.12013057489181
    R2: 0.694253848695088
    MAPE: 0.16150546021248974



